-;23;5874;1573663733
-;34;2309;1573663746
-;7;7575;1575634517
-;2;4343;1575885351
+;2;4343;1576145864
-;3;1337;1576145876
+;3;1337;1576145885
-;2;1337;1576183438
+;2;1337;1576183455
-;2;1337;1576183457
+;2;1337;1576183461
-;2;1337;1576183463
+;2;1337;1576183466
-;3;2456;1576196421
+;3;2456;1576196426
-;3;2456;1576196427
+;3;2456;1576196428
-;1;8192;1576196434
+;1;8192;1576196437
-;1;8192;1576196438
+;1;8192;1576196439
-;1;8192;1576196440
+;1;8192;1576196440
-;1;8192;1576196441
+;1;8192;1576196442
-;1;8192;1576196442
+;1;8192;1576196443
-;1;8192;1576196444
+;1;8192;1576196445
-;1;4657;1576200991
+;1;4657;1576200991
-;4;7867;1576227948
+;4;7867;1576227953
-;4;7811;1576227958
+;4;7811;1576227960
-;3;1234;1576228828
+;3;1234;1576228889
-;31;1234;1576228913
+;31;1234;1576228915
-;3;7684;1576228973
+;3;7684;1576228980
-;1;1222;1576237125
